function replot_bondy2018_fig4c
% Data scraped from Figure 4c of [1]
%
% [1]﻿Bondy, A. G., Haefner, R. M., & Cumming, B. G. (2018). Feedback determines the structure of
%   correlated variability in primary visual cortex. Nature Neuroscience, 21(4), 598–606.
%   https://doi.org/10.1038/s41593-018-0089-1

data = [-0.01640069693971421, -0.035748451498319955
    -0.013350671311627704, -0.02967468944155109
    -0.012053840679636045, -0.030577116406393517
    -0.01031187629442156, -0.0336186322900619
    -0.009636003682902447, -0.029537858005394754
    -0.009134763786768557, -0.02155010712691067
    -0.008651247051831824, -0.02937141603629069
    -0.00812746530803447, -0.03198390602611968
    -0.00786279155371383, -0.03131961271704499
    -0.007349462566419253, -0.02585500574968143
    -0.006833736401948461, -0.004945503514679539
    -0.006512509030956515, -0.037769406024734234
    -0.006101391377032986, -0.03647252963599623
    -0.006058702281327842, -0.03217218214954137
    -0.006004857272269879, -0.03736888697565366
    -0.005742781538167083, -0.035512591245564426
    -0.005581769239032745, -0.03255953166881337
    -0.005536923596323278, -0.03380771937397034
    -0.005594799240664614, -0.037528986511211254
    -0.005232445312505499, -0.027965165788241264
    -0.00525786416015003, -0.03194615454524251
    -0.0051202323469454435, -0.03337363394697819
    -0.005004197645842357, -0.009710359921743274
    -0.004968254061646325, -0.017568522498239453
    -0.004974202438670677, -0.02287447480395985
    -0.0049142877528766254, -0.02931033459470582
    -0.004741923319762142, -0.015280699134343018
    -0.00481631766160678, -0.03373664444453202
    -0.0047641890769781585, -0.03514175457102882
    -0.004680916916254423, -0.037073590229689465
    -0.004569610936063565, -0.009851743112828576
    -0.004568088591173011, -0.023891463918211404
    -0.004525916233270904, -0.022201576380952916
    -0.004668442724401669, -0.02957568743151806
    -0.004371575131069085, -0.015694500734820982
    -0.004378390666042169, -0.03432019325861192
    -0.004333044330290515, -0.009839197639879518
    -0.004161920594411769, -0.016876183953474705
    -0.004155718895337487, -0.03130418821889351
    -0.004153078831524583, -0.037503502657643864
    -0.004105287848693875, -0.024424996124907908
    -0.004085858303344885, -0.028868299680527662
    -0.004013783268635818, -0.022642590071835417
    -0.004007356614760121, -0.026708520917830894
    -0.003929044643554747, -0.03415356852721391
    -0.0038207614692391777, -0.031920961734393086
    -0.003654568957840911, -0.03561311331062593
    -0.0035989909151828807, -0.02871084595304714
    -0.003839861058790202, -0.022023927878432416
    -0.0035550668487087655, -0.03444039829741777
    -0.003435321649738317, -0.0314192639821097
    -0.0033112475802514856, -0.023810961899292375
    -0.0033176220841988936, -0.025867943085888107
    -0.003268224695699068, -0.028076195808759308
    -0.0033385922620867287, -0.029538596947537674
    -0.0031611967930649312, -0.0224269459376664
    -0.0031198475039692954, -0.0055032999040354885
    -0.0031331006702641946, -0.01732512423908806
    -0.0032192294970772237, -0.034272278237273954
    -0.0030139307402029074, -0.03078506566249399
    -0.002946713619024585, -0.02014013670475851
    -0.002905742455039037, -0.024100754574881048
    -0.0028650261627927234, -0.02570566958655654
    -0.0028291711133737324, -0.011142531910358515
    -0.0029434884457252702, -0.027830298507480394
    -0.002808891685341257, -0.015553555379209792
    -0.0027861030749883886, -0.02217200672801855
    -0.0028207820594272175, -0.018175801128015617
    -0.0027500442225579964, -0.03491732999938456
    -0.0026703603644068798, -0.0037591682079493524
    -0.0026612502869402706, -0.007608931011542683
    -0.002694971070672767, -0.037687870100929166
    -0.002677781762240098, -0.030338974914860317
    -0.002608899914531327, -0.03240520261215943
    -0.0025536351931766885, -0.019399834508695084
    -0.0025074519564304426, -0.014132243042464972
    -0.002605303509064856, -0.02556813260157964
    -0.0025387177220760303, -0.011796284526815505
    -0.0024383924250535108, -0.023056191154445044
    -0.0025723294222319212, -0.0161151669862837
    -0.0023264897550701914, 0.023534537564865086
    -0.002370708291673247, -0.03586831692473949
    -0.0022535705338821016, 0.008738803505925166
    -0.0022779450743003783, -0.007300452307271069
    -0.0022194377332281807, -0.0007345779901357374
    -0.0022506244922643644, -0.028553167050411138
    -0.0021884384983068793, -0.013003100119696812
    -0.0022542353367221366, -0.031774040306745244
    -0.002233553400788329, -0.033285673293468626
    -0.0021125264458583537, -0.025129228694325545
    -0.0020421310628714433, -0.002256386749362252
    -0.0021108309305505994, -0.02361682903981082
    -0.00206921775761797, -0.026417718463265696
    -0.001867464839278559, -0.00613347402194369
    -0.0018808114934728386, -0.008058729643403546
    -0.0018482945462292913, -0.01974114160611272
    -0.0018000957957597548, 0.003152644114011463
    -0.0018191854764970199, -0.017958061979931474
    -0.0018548121400649813, -0.021460492776336527
    -0.0017655221489410108, 0.00495972640042993
    -0.0018201338257902953, -0.01381400958961787
    -0.0017370562563670741, -0.00956853710297343
    -0.0017574872462874855, -0.03142205644647311
    -0.0017396040255209314, -0.03361560519513605
    -0.0016372661332898011, -0.0003954266767663278
    -0.0016338445096806993, -0.0222932382170481
    -0.001585026218929999, -0.024424831731297877
    -0.0015216605382940493, 0.02288508470072718
    -0.0015055574319209862, -0.0026707840938598806
    -0.0015336405267305855, -0.02772090466402123
    -0.0014348880858282252, 0.012462465005652856
    -0.0014486052737828457, -0.005095911940449643
    -0.00157740707112047, -0.00688090274076316
    -0.0015365446735149703, -0.030311403595693245
    -0.0014063451578848647, -0.01729968815865101
    -0.0014468589234778693, -0.019264164917854036
    -0.0013660708053894188, 0.0019917677342235415
    -0.001383140333149093, -0.013234251027407336
    -0.001361824913380015, -0.020834123046293562
    -0.0013188512066916423, 0.02415172993296046
    -0.0012171318485581714, -0.014854081569898703
    -0.0013093817872060556, -0.022291327445014324
    -0.0011561700312746476, 0.029543899527162118
    -0.0012000325096630758, 0.010378488644364338
    -0.0011798526576666905, 0.004789920450972561
    -0.0011984793707296854, -0.0037604935245788423
    -0.00118958790080987, -0.01623277596999921
    -0.0013066395760155322, -0.0248352550229871
    -0.0011017594036713402, -0.0017615000094012775
    -0.0011984710606941854, -0.028148538554742766
    -0.0010681254732131072, -0.00901855107472526
    -0.001090555867422769, -0.031687785355038564
    -0.0011088457194279276, 0.011877426175401162
    -0.0010350999010190973, -0.017150923042401123
    -0.0010452039827119237, -0.019177791968517183
    -0.001051594936143093, -0.03685447433292327
    -0.0010287945443044066, -0.029823138039271405
    -0.0009142447929321208, 0.005822174052545391
    -0.0009177775632660395, 0.0026709429146899305
    -0.0008541683965278893, 0.01949047996576116
    -0.0008310086748550272, -0.014287193319356323
    -0.0009541503876022359, 0.010146223286159751
    -0.0007995027446576937, -0.0075954539568074755
    -0.000800684941030614, -0.01264195708938766
    -0.0007151494775588831, 0.023735836648039913
    -0.0007030678716162773, 0.000734303266309716
    -0.0007445729419158741, -0.005580650456809291
    -0.0007429523767360016, -0.016034289297709968
    -0.0007449787520862165, -0.021296417620817423
    -0.0006871208000785271, 0.00881757728115615
    -0.0006709358408868091, 0.004830019489697135
    -0.0007217254968209658, -0.002089892373421401
    -0.0006339231695926192, 0.0163500239952275
    -0.0006452762194637807, -0.010410163022912727
    -0.0006667315454508861, -0.03133958866081889
    -0.0005744018701565358, 0.029523183412856497
